DSIF_version='0.1.0';
%
% System: E x_dot + A x = B u
%         y = C x
%
% 
% 
% Model parameters:
%   Number of nodes:         15.
%   Length:                  0.1
%   Area:                    0.0001
%   Density:                 3970.
%   Heat Capacity:           766.
%   a0, a1, ...:             36. 0. 0. 0. 0.
% 
%

n=15;
m=2;
p=2;
r=0;
s=0;
q=15;
A=sparse([ 1 1 2 2 2 3 3 3 4 4 4 5 5 5 6 6 6 7 7 7 8 8 8 9 9 9 10 10 10 11 11 11 12 12 12 13 13 13 14 14 14 15 15],...
[ 1 2 1 2 3 2 3 4 3 4 5 4 5 6 5 6 7 6 7 8 7 8 9 8 9 10 9 10 11 10 11 12 11 12 13 12 13 14 13 14 15 14 15],...
[ 0.54 -0.54 -0.54 1.08 -0.54 -0.54 1.08 -0.54 -0.54 1.08 -0.54 -0.54 1.08 -0.54 -0.54 1.08 -0.54 -0.54 1.08 -0.54 -0.54 1.08 -0.54 -0.54 1.08 -0.54 -0.54 1.08 -0.54 -0.54 1.08 -0.54 -0.54 1.08 -0.54 -0.54 1.08 -0.54 -0.54 1.08 -0.54 -0.54 1.08],...
15,15);
E=sparse([ 1 1 2 2 2 3 3 3 4 4 4 5 5 5 6 6 6 7 7 7 8 8 8 9 9 9 10 10 10 11 11 11 12 12 12 13 13 13 14 14 14 15 15],...
[ 1 2 1 2 3 2 3 4 3 4 5 4 5 6 5 6 7 6 7 8 7 8 9 8 9 10 9 10 11 10 11 12 11 12 13 12 13 14 13 14 15 14 15],...
[ 0.6757822222222223 0.33789111111111114 0.33789111111111114 1.3515644444444446 0.33789111111111114 0.33789111111111114 1.3515644444444446 0.33789111111111114 0.33789111111111114 1.3515644444444446 0.33789111111111114 0.33789111111111114 1.3515644444444446 0.33789111111111114 0.33789111111111114 1.3515644444444446 0.33789111111111114 0.33789111111111114 1.3515644444444446 0.33789111111111114 0.33789111111111114 1.3515644444444446 0.33789111111111114 0.33789111111111114 1.3515644444444446 0.33789111111111114 0.33789111111111114 1.3515644444444446 0.33789111111111114 0.33789111111111114 1.3515644444444446 0.33789111111111114 0.33789111111111114 1.3515644444444446 0.33789111111111114 0.33789111111111114 1.3515644444444446 0.33789111111111114 0.33789111111111114 1.3515644444444446 0.33789111111111114 0.33789111111111114 1.3515644444444446],...
15,15);
C=sparse([1 2],[1 8],[1 1],2,15);
B=[ 0.0001 3.3333333333333335e-7
 0 6.666666666666667e-7
 0 6.666666666666667e-7
 0 6.666666666666667e-7
 0 6.666666666666667e-7
 0 6.666666666666667e-7
 0 6.666666666666667e-7
 0 6.666666666666667e-7
 0 6.666666666666667e-7
 0 6.666666666666667e-7
 0 6.666666666666667e-7
 0 6.666666666666667e-7
 0 6.666666666666667e-7
 0 6.666666666666667e-7
 0 6.666666666666667e-7];
x0=zeros(15,1);

